{
 "cells": [
  {
   "cell_type": "markdown",
   "id": "6b13ee70",
   "metadata": {},
   "source": [
    "# Labor Market Indicators — % Changes, Correlations, and Pre/Post‑2020 OLS (HAC)\n",
    "This notebook:\n",
    "- pulls a bundle of FRED labor-market series,\n",
    "- computes **month-over-month percent changes** for the indicator set,\n",
    "- produces **correlation matrices** (full sample + pre/post‑2020 + difference),\n",
    "- runs **OLS regressions** predicting **3‑month **backward** % change in unemployment** from indicator % changes, with **HAC (Newey–West) standard errors**.\n",
    "\n",
    "**Split date:** 2020‑01‑01 (pre: <2020, post: ≥2020)."
   ]
  },
  {
   "cell_type": "code",
   "execution_count": 40,
   "id": "464ad77a",
   "metadata": {},
   "outputs": [],
   "source": [
    "import os\n",
    "import pandas as pd\n",
    "import numpy as np\n",
    "import requests\n",
    "import statsmodels.api as sm\n",
    "import matplotlib.pyplot as plt\n",
    "\n",
    "# Optional (pretty heatmaps)\n",
    "try:\n",
    "    import seaborn as sns\n",
    "except ImportError:\n",
    "    sns = None\n",
    "\n",
    "pd.set_option('display.max_columns', 100)\n",
    "pd.set_option('display.width', 140)\n",
    "\n",
    "from IPython.display import display\n"
   ]
  },
  {
   "cell_type": "markdown",
   "id": "32c583c2",
   "metadata": {},
   "source": [
    "## 1) Pull data from FRED\n",
    "Set an environment variable `FRED_API_KEY` before running (or edit the cell below).\n",
    "A simple CSV cache is used to avoid repeated API calls."
   ]
  },
  {
   "cell_type": "code",
   "execution_count": 41,
   "id": "ad983f54",
   "metadata": {},
   "outputs": [],
   "source": [
    "FRED_API_KEY = os.getenv('FRED_API_KEY')  # set this in your environment\n",
    "\n",
    "START = '2000-01-01'\n",
    "END   = '2026-12-31'  # safe to set ahead\n",
    "\n",
    "# Core labor-market indicators\n",
    "SERIES_IDS = [\n",
    "    'UNRATE',       # Unemployment rate\n",
    "    'JTSJOR',       # Job openings rate\n",
    "    'JTSQUR',       # Quits rate\n",
    "    'JTSLDR',       # Layoffs & discharges rate\n",
    "    'ICSA',         # Initial claims (weekly)\n",
    "    'CIVPART',      # Labor force participation\n",
    "    'LNS12032196',  # Part time for economic reasons\n",
    "    'LNS13026638',  # Permanent job losers\n",
    "    'CES0500000003' # Avg hourly earnings (wage level)\n",
    "]\n",
    "\n",
    "RENAME = {\n",
    "    'LNS12032196': 'PART_TIME_ECON',\n",
    "    'LNS13026638': 'PERM_JOB_LOSER',\n",
    "    'CES0500000003': 'WAGE_LEVEL',\n",
    "}\n",
    "\n",
    "WEEKLY_TO_MONTHLY = {'ICSA'}  # resample weekly series to monthly mean\n",
    "CACHE_PATH = 'fred_labor_bundle.csv'\n",
    "\n",
    "PREDICTORS = ['JTSJOR', 'JTSQUR', 'JTSLDR', 'ICSA', 'CIVPART', 'PART_TIME_ECON', 'PERM_JOB_LOSER', 'WAGE_GROWTH_YOY']\n"
   ]
  },
  {
   "cell_type": "code",
   "execution_count": 42,
   "id": "4afd7daf",
   "metadata": {},
   "outputs": [
    {
     "name": "stdout",
     "output_type": "stream",
     "text": [
      "Latest month with all series: 2025-12-31\n"
     ]
    },
    {
     "data": {
      "text/html": [
       "<div>\n",
       "<style scoped>\n",
       "    .dataframe tbody tr th:only-of-type {\n",
       "        vertical-align: middle;\n",
       "    }\n",
       "\n",
       "    .dataframe tbody tr th {\n",
       "        vertical-align: top;\n",
       "    }\n",
       "\n",
       "    .dataframe thead th {\n",
       "        text-align: right;\n",
       "    }\n",
       "</style>\n",
       "<table border=\"1\" class=\"dataframe\">\n",
       "  <thead>\n",
       "    <tr style=\"text-align: right;\">\n",
       "      <th></th>\n",
       "      <th>UNRATE</th>\n",
       "      <th>JTSJOR</th>\n",
       "      <th>JTSQUR</th>\n",
       "      <th>JTSLDR</th>\n",
       "      <th>ICSA</th>\n",
       "      <th>CIVPART</th>\n",
       "      <th>PART_TIME_ECON</th>\n",
       "      <th>PERM_JOB_LOSER</th>\n",
       "      <th>WAGE_LEVEL</th>\n",
       "    </tr>\n",
       "  </thead>\n",
       "  <tbody>\n",
       "    <tr>\n",
       "      <th>2025-07-31</th>\n",
       "      <td>4.3</td>\n",
       "      <td>4.3</td>\n",
       "      <td>2.0</td>\n",
       "      <td>1.1</td>\n",
       "      <td>221250.0</td>\n",
       "      <td>62.2</td>\n",
       "      <td>1289.0</td>\n",
       "      <td>1894.0</td>\n",
       "      <td>36.47</td>\n",
       "    </tr>\n",
       "    <tr>\n",
       "      <th>2025-08-31</th>\n",
       "      <td>4.3</td>\n",
       "      <td>4.3</td>\n",
       "      <td>1.9</td>\n",
       "      <td>1.1</td>\n",
       "      <td>230000.0</td>\n",
       "      <td>62.3</td>\n",
       "      <td>1332.0</td>\n",
       "      <td>1931.0</td>\n",
       "      <td>36.62</td>\n",
       "    </tr>\n",
       "    <tr>\n",
       "      <th>2025-09-30</th>\n",
       "      <td>4.4</td>\n",
       "      <td>4.6</td>\n",
       "      <td>2.0</td>\n",
       "      <td>1.1</td>\n",
       "      <td>234750.0</td>\n",
       "      <td>62.5</td>\n",
       "      <td>1200.0</td>\n",
       "      <td>2012.0</td>\n",
       "      <td>36.70</td>\n",
       "    </tr>\n",
       "    <tr>\n",
       "      <th>2025-11-30</th>\n",
       "      <td>4.5</td>\n",
       "      <td>4.2</td>\n",
       "      <td>2.0</td>\n",
       "      <td>1.1</td>\n",
       "      <td>217600.0</td>\n",
       "      <td>62.5</td>\n",
       "      <td>1650.0</td>\n",
       "      <td>1936.0</td>\n",
       "      <td>37.00</td>\n",
       "    </tr>\n",
       "    <tr>\n",
       "      <th>2025-12-31</th>\n",
       "      <td>4.4</td>\n",
       "      <td>3.9</td>\n",
       "      <td>2.0</td>\n",
       "      <td>1.1</td>\n",
       "      <td>219000.0</td>\n",
       "      <td>62.4</td>\n",
       "      <td>1514.0</td>\n",
       "      <td>1969.0</td>\n",
       "      <td>37.02</td>\n",
       "    </tr>\n",
       "  </tbody>\n",
       "</table>\n",
       "</div>"
      ],
      "text/plain": [
       "            UNRATE  JTSJOR  JTSQUR  JTSLDR      ICSA  CIVPART  PART_TIME_ECON  PERM_JOB_LOSER  WAGE_LEVEL\n",
       "2025-07-31     4.3     4.3     2.0     1.1  221250.0     62.2          1289.0          1894.0       36.47\n",
       "2025-08-31     4.3     4.3     1.9     1.1  230000.0     62.3          1332.0          1931.0       36.62\n",
       "2025-09-30     4.4     4.6     2.0     1.1  234750.0     62.5          1200.0          2012.0       36.70\n",
       "2025-11-30     4.5     4.2     2.0     1.1  217600.0     62.5          1650.0          1936.0       37.00\n",
       "2025-12-31     4.4     3.9     2.0     1.1  219000.0     62.4          1514.0          1969.0       37.02"
      ]
     },
     "execution_count": 42,
     "metadata": {},
     "output_type": "execute_result"
    }
   ],
   "source": [
    "def fred_series(series_id: str, start: str, end: str) -> pd.Series:\n",
    "    if not FRED_API_KEY:\n",
    "        raise ValueError('Missing FRED_API_KEY. Set env var FRED_API_KEY or edit the notebook.')\n",
    "    url = 'https://api.stlouisfed.org/fred/series/observations'\n",
    "    params = {\n",
    "        'series_id': series_id,\n",
    "        'api_key': FRED_API_KEY,\n",
    "        'file_type': 'json',\n",
    "        'observation_start': start,\n",
    "        'observation_end': end,\n",
    "    }\n",
    "    r = requests.get(url, params=params, timeout=30)\n",
    "    r.raise_for_status()\n",
    "    obs = r.json()['observations']\n",
    "    s = pd.Series([o['value'] for o in obs], index=pd.to_datetime([o['date'] for o in obs]), name=series_id)\n",
    "    s = pd.to_numeric(s.replace('.', np.nan), errors='coerce')\n",
    "    return s\n",
    "\n",
    "\n",
    "def fred_bundle(series_ids, start, end, weekly_to_monthly=None) -> pd.DataFrame:\n",
    "    weekly_to_monthly = set(weekly_to_monthly or [])\n",
    "    series_list = []\n",
    "    for sid in series_ids:\n",
    "        s = fred_series(sid, start, end)\n",
    "        # Convert to monthly end-of-month index for alignment\n",
    "        if sid in weekly_to_monthly:\n",
    "            s = s.resample('ME').mean()\n",
    "        else:\n",
    "            s = s.resample('ME').last()\n",
    "        series_list.append(s)\n",
    "    df = pd.concat(series_list, axis=1)\n",
    "    df = df.dropna(how='any')\n",
    "    return df\n",
    "\n",
    "\n",
    "def load_or_fetch_bundle() -> pd.DataFrame:\n",
    "    if os.path.exists(CACHE_PATH):\n",
    "        df = pd.read_csv(CACHE_PATH, index_col=0, parse_dates=True)\n",
    "        df.index = pd.to_datetime(df.index)\n",
    "        return df\n",
    "    df = fred_bundle(SERIES_IDS, START, END, weekly_to_monthly=WEEKLY_TO_MONTHLY)\n",
    "    df = df.rename(columns=RENAME)\n",
    "    df.to_csv(CACHE_PATH)\n",
    "    return df\n",
    "\n",
    "\n",
    "raw = load_or_fetch_bundle()\n",
    "print('Latest month with all series:', raw.index.max().date())\n",
    "raw.tail()"
   ]
  },
  {
   "cell_type": "markdown",
   "id": "b9cd524b",
   "metadata": {},
   "source": [
    "## 2) Build indicator %‑change panel\n",
    "- `WAGE_GROWTH_YOY` is computed from `WAGE_LEVEL`.\n",
    "- We then compute **month-over-month percent changes** for the predictor indicators.\n",
    "- Target is **3‑month‑ahead % change in unemployment**:  \n",
    "  \\( (UNRATE_{t+3} - UNRATE_t) / UNRATE_t \\)."
   ]
  },
  {
   "cell_type": "code",
   "execution_count": 43,
   "id": "2cbdbbc5",
   "metadata": {},
   "outputs": [
    {
     "name": "stdout",
     "output_type": "stream",
     "text": [
      "Rows in modeling dataset: 221\n"
     ]
    },
    {
     "data": {
      "text/html": [
       "<div>\n",
       "<style scoped>\n",
       "    .dataframe tbody tr th:only-of-type {\n",
       "        vertical-align: middle;\n",
       "    }\n",
       "\n",
       "    .dataframe tbody tr th {\n",
       "        vertical-align: top;\n",
       "    }\n",
       "\n",
       "    .dataframe thead th {\n",
       "        text-align: right;\n",
       "    }\n",
       "</style>\n",
       "<table border=\"1\" class=\"dataframe\">\n",
       "  <thead>\n",
       "    <tr style=\"text-align: right;\">\n",
       "      <th></th>\n",
       "      <th>Y</th>\n",
       "      <th>JTSJOR</th>\n",
       "      <th>JTSQUR</th>\n",
       "      <th>JTSLDR</th>\n",
       "      <th>ICSA</th>\n",
       "      <th>CIVPART</th>\n",
       "      <th>PART_TIME_ECON</th>\n",
       "      <th>PERM_JOB_LOSER</th>\n",
       "      <th>WAGE_GROWTH_YOY</th>\n",
       "    </tr>\n",
       "  </thead>\n",
       "  <tbody>\n",
       "    <tr>\n",
       "      <th>2007-07-31</th>\n",
       "      <td>0.044444</td>\n",
       "      <td>-0.028571</td>\n",
       "      <td>-0.045455</td>\n",
       "      <td>-0.066667</td>\n",
       "      <td>0.018746</td>\n",
       "      <td>0.001517</td>\n",
       "      <td>0.047934</td>\n",
       "      <td>0.144254</td>\n",
       "      <td>0.042187</td>\n",
       "    </tr>\n",
       "    <tr>\n",
       "      <th>2007-08-31</th>\n",
       "      <td>0.045455</td>\n",
       "      <td>-0.030303</td>\n",
       "      <td>0.000000</td>\n",
       "      <td>0.071429</td>\n",
       "      <td>-0.021858</td>\n",
       "      <td>-0.003030</td>\n",
       "      <td>-0.051282</td>\n",
       "      <td>0.114976</td>\n",
       "      <td>-0.051209</td>\n",
       "    </tr>\n",
       "    <tr>\n",
       "      <th>2007-09-30</th>\n",
       "      <td>0.021739</td>\n",
       "      <td>-0.030303</td>\n",
       "      <td>0.000000</td>\n",
       "      <td>0.230769</td>\n",
       "      <td>0.051767</td>\n",
       "      <td>0.000000</td>\n",
       "      <td>-0.025000</td>\n",
       "      <td>0.085893</td>\n",
       "      <td>-0.131023</td>\n",
       "    </tr>\n",
       "    <tr>\n",
       "      <th>2007-10-31</th>\n",
       "      <td>0.000000</td>\n",
       "      <td>-0.029412</td>\n",
       "      <td>-0.095238</td>\n",
       "      <td>0.000000</td>\n",
       "      <td>-0.005711</td>\n",
       "      <td>-0.003030</td>\n",
       "      <td>-0.033912</td>\n",
       "      <td>0.007479</td>\n",
       "      <td>-0.021653</td>\n",
       "    </tr>\n",
       "    <tr>\n",
       "      <th>2007-11-30</th>\n",
       "      <td>0.021739</td>\n",
       "      <td>0.000000</td>\n",
       "      <td>0.000000</td>\n",
       "      <td>-0.066667</td>\n",
       "      <td>0.047885</td>\n",
       "      <td>0.003040</td>\n",
       "      <td>0.025338</td>\n",
       "      <td>0.007932</td>\n",
       "      <td>-0.081216</td>\n",
       "    </tr>\n",
       "  </tbody>\n",
       "</table>\n",
       "</div>"
      ],
      "text/plain": [
       "                   Y    JTSJOR    JTSQUR    JTSLDR      ICSA   CIVPART  PART_TIME_ECON  PERM_JOB_LOSER  WAGE_GROWTH_YOY\n",
       "2007-07-31  0.044444 -0.028571 -0.045455 -0.066667  0.018746  0.001517        0.047934        0.144254         0.042187\n",
       "2007-08-31  0.045455 -0.030303  0.000000  0.071429 -0.021858 -0.003030       -0.051282        0.114976        -0.051209\n",
       "2007-09-30  0.021739 -0.030303  0.000000  0.230769  0.051767  0.000000       -0.025000        0.085893        -0.131023\n",
       "2007-10-31  0.000000 -0.029412 -0.095238  0.000000 -0.005711 -0.003030       -0.033912        0.007479        -0.021653\n",
       "2007-11-30  0.021739  0.000000  0.000000 -0.066667  0.047885  0.003040        0.025338        0.007932        -0.081216"
      ]
     },
     "execution_count": 43,
     "metadata": {},
     "output_type": "execute_result"
    }
   ],
   "source": [
    "data = raw.copy()\n",
    "\n",
    "# Wage growth YoY (requires 12-month lag)\n",
    "data['WAGE_GROWTH_YOY'] = data['WAGE_LEVEL'].pct_change(12)\n",
    "data = data.dropna()  # drop first 12 months\n",
    "data = data.drop(columns=['WAGE_LEVEL'])\n",
    "\n",
    "# Percent-change horizons (edit as needed)\n",
    "Y_PCT_LAG = 3      # 3-month backward % change for UNRATE\n",
    "X_PCT_LAG = 3      # 3-month backward % change for indicators\n",
    "\n",
    "# Target: 3-month backward % change in unemployment\n",
    "data['UNRATE_3M_PCT_CHANGE'] = data['UNRATE'].pct_change(Y_PCT_LAG)\n",
    "\n",
    "# Predictor panel: month-over-month % changes for indicators\n",
    "X_pct = data[PREDICTORS].pct_change(X_PCT_LAG)\n",
    "\n",
    "# Build modeling frame\n",
    "df = pd.concat([data[['UNRATE_3M_PCT_CHANGE']], X_pct], axis=1).dropna()\n",
    "df = df.rename(columns={'UNRATE_3M_PCT_CHANGE': 'Y'})\n",
    "\n",
    "# Create a list of variables that logically \"lead\" the market\n",
    "leading_vars = ['JTSJOR', 'JTSQUR', 'ICSA']\n",
    "\n",
    "# Apply the shift only to those\n",
    "df[leading_vars] = df[leading_vars].shift(1)\n",
    "df = df.dropna()\n",
    "\n",
    "print('Rows in modeling dataset:', len(df))\n",
    "df.head()"
   ]
  },
  {
   "cell_type": "markdown",
   "id": "c6a0243a",
   "metadata": {},
   "source": [
    "## 3) Correlation matrices between indicators (% changes)\n",
    "We compute correlations among the **indicator % changes** (the `PREDICTORS` columns) for:\n",
    "- full sample\n",
    "- pre‑2020\n",
    "- post‑2020\n",
    "- difference (post − pre)"
   ]
  },
  {
   "cell_type": "code",
   "execution_count": 44,
   "id": "01521328",
   "metadata": {},
   "outputs": [
    {
     "data": {
      "text/html": [
       "<div>\n",
       "<style scoped>\n",
       "    .dataframe tbody tr th:only-of-type {\n",
       "        vertical-align: middle;\n",
       "    }\n",
       "\n",
       "    .dataframe tbody tr th {\n",
       "        vertical-align: top;\n",
       "    }\n",
       "\n",
       "    .dataframe thead th {\n",
       "        text-align: right;\n",
       "    }\n",
       "</style>\n",
       "<table border=\"1\" class=\"dataframe\">\n",
       "  <thead>\n",
       "    <tr style=\"text-align: right;\">\n",
       "      <th></th>\n",
       "      <th>JTSJOR</th>\n",
       "      <th>JTSQUR</th>\n",
       "      <th>JTSLDR</th>\n",
       "      <th>ICSA</th>\n",
       "      <th>CIVPART</th>\n",
       "      <th>PART_TIME_ECON</th>\n",
       "      <th>PERM_JOB_LOSER</th>\n",
       "      <th>WAGE_GROWTH_YOY</th>\n",
       "    </tr>\n",
       "  </thead>\n",
       "  <tbody>\n",
       "    <tr>\n",
       "      <th>JTSJOR</th>\n",
       "      <td>1.000000</td>\n",
       "      <td>0.518950</td>\n",
       "      <td>-0.106432</td>\n",
       "      <td>-0.305135</td>\n",
       "      <td>0.298029</td>\n",
       "      <td>0.068819</td>\n",
       "      <td>-0.357232</td>\n",
       "      <td>0.056062</td>\n",
       "    </tr>\n",
       "    <tr>\n",
       "      <th>JTSQUR</th>\n",
       "      <td>0.518950</td>\n",
       "      <td>1.000000</td>\n",
       "      <td>-0.134809</td>\n",
       "      <td>-0.454618</td>\n",
       "      <td>0.353627</td>\n",
       "      <td>0.178746</td>\n",
       "      <td>-0.359138</td>\n",
       "      <td>-0.072714</td>\n",
       "    </tr>\n",
       "    <tr>\n",
       "      <th>JTSLDR</th>\n",
       "      <td>-0.106432</td>\n",
       "      <td>-0.134809</td>\n",
       "      <td>1.000000</td>\n",
       "      <td>0.213084</td>\n",
       "      <td>-0.488003</td>\n",
       "      <td>-0.197749</td>\n",
       "      <td>0.115538</td>\n",
       "      <td>0.167773</td>\n",
       "    </tr>\n",
       "    <tr>\n",
       "      <th>ICSA</th>\n",
       "      <td>-0.305135</td>\n",
       "      <td>-0.454618</td>\n",
       "      <td>0.213084</td>\n",
       "      <td>1.000000</td>\n",
       "      <td>-0.677988</td>\n",
       "      <td>-0.407119</td>\n",
       "      <td>0.538599</td>\n",
       "      <td>0.238059</td>\n",
       "    </tr>\n",
       "    <tr>\n",
       "      <th>CIVPART</th>\n",
       "      <td>0.298029</td>\n",
       "      <td>0.353627</td>\n",
       "      <td>-0.488003</td>\n",
       "      <td>-0.677988</td>\n",
       "      <td>1.000000</td>\n",
       "      <td>0.475100</td>\n",
       "      <td>-0.291486</td>\n",
       "      <td>-0.211062</td>\n",
       "    </tr>\n",
       "    <tr>\n",
       "      <th>PART_TIME_ECON</th>\n",
       "      <td>0.068819</td>\n",
       "      <td>0.178746</td>\n",
       "      <td>-0.197749</td>\n",
       "      <td>-0.407119</td>\n",
       "      <td>0.475100</td>\n",
       "      <td>1.000000</td>\n",
       "      <td>0.045202</td>\n",
       "      <td>-0.097972</td>\n",
       "    </tr>\n",
       "    <tr>\n",
       "      <th>PERM_JOB_LOSER</th>\n",
       "      <td>-0.357232</td>\n",
       "      <td>-0.359138</td>\n",
       "      <td>0.115538</td>\n",
       "      <td>0.538599</td>\n",
       "      <td>-0.291486</td>\n",
       "      <td>0.045202</td>\n",
       "      <td>1.000000</td>\n",
       "      <td>0.021541</td>\n",
       "    </tr>\n",
       "    <tr>\n",
       "      <th>WAGE_GROWTH_YOY</th>\n",
       "      <td>0.056062</td>\n",
       "      <td>-0.072714</td>\n",
       "      <td>0.167773</td>\n",
       "      <td>0.238059</td>\n",
       "      <td>-0.211062</td>\n",
       "      <td>-0.097972</td>\n",
       "      <td>0.021541</td>\n",
       "      <td>1.000000</td>\n",
       "    </tr>\n",
       "  </tbody>\n",
       "</table>\n",
       "</div>"
      ],
      "text/plain": [
       "                   JTSJOR    JTSQUR    JTSLDR      ICSA   CIVPART  PART_TIME_ECON  PERM_JOB_LOSER  WAGE_GROWTH_YOY\n",
       "JTSJOR           1.000000  0.518950 -0.106432 -0.305135  0.298029        0.068819       -0.357232         0.056062\n",
       "JTSQUR           0.518950  1.000000 -0.134809 -0.454618  0.353627        0.178746       -0.359138        -0.072714\n",
       "JTSLDR          -0.106432 -0.134809  1.000000  0.213084 -0.488003       -0.197749        0.115538         0.167773\n",
       "ICSA            -0.305135 -0.454618  0.213084  1.000000 -0.677988       -0.407119        0.538599         0.238059\n",
       "CIVPART          0.298029  0.353627 -0.488003 -0.677988  1.000000        0.475100       -0.291486        -0.211062\n",
       "PART_TIME_ECON   0.068819  0.178746 -0.197749 -0.407119  0.475100        1.000000        0.045202        -0.097972\n",
       "PERM_JOB_LOSER  -0.357232 -0.359138  0.115538  0.538599 -0.291486        0.045202        1.000000         0.021541\n",
       "WAGE_GROWTH_YOY  0.056062 -0.072714  0.167773  0.238059 -0.211062       -0.097972        0.021541         1.000000"
      ]
     },
     "execution_count": 44,
     "metadata": {},
     "output_type": "execute_result"
    }
   ],
   "source": [
    "def corr_mats(df_features: pd.DataFrame, split_date='2020-01-01'):\n",
    "    pre = df_features.loc[df_features.index < split_date]\n",
    "    split_date_two = '2022-01-01'\n",
    "    post = df_features.loc[df_features.index >= split_date_two]\n",
    "    full_corr = df_features.corr()\n",
    "    pre_corr = pre.corr()\n",
    "    post_corr = post.corr()\n",
    "    diff = post_corr - pre_corr\n",
    "    return full_corr, pre_corr, post_corr, diff\n",
    "\n",
    "features = df[PREDICTORS]\n",
    "full_corr, pre_corr, post_corr, corr_diff = corr_mats(features)\n",
    "\n",
    "full_corr"
   ]
  },
  {
   "cell_type": "code",
   "execution_count": 45,
   "id": "e612e6e3",
   "metadata": {},
   "outputs": [
    {
     "data": {
      "text/plain": [
       "(                   JTSJOR    JTSQUR    JTSLDR      ICSA   CIVPART  PART_TIME_ECON  PERM_JOB_LOSER  WAGE_GROWTH_YOY\n",
       " JTSJOR           1.000000  0.319456 -0.168746 -0.445197  0.051153       -0.234592       -0.579298         0.007902\n",
       " JTSQUR           0.319456  1.000000 -0.132805 -0.417516 -0.056994       -0.276449       -0.511754         0.005581\n",
       " JTSLDR          -0.168746 -0.132805  1.000000  0.277428 -0.085379       -0.021155        0.186465         0.142374\n",
       " ICSA            -0.445197 -0.417516  0.277428  1.000000  0.181646        0.201535        0.702879         0.135913\n",
       " CIVPART          0.051153 -0.056994 -0.085379  0.181646  1.000000       -0.034784        0.054060         0.111916\n",
       " PART_TIME_ECON  -0.234592 -0.276449 -0.021155  0.201535 -0.034784        1.000000        0.450043        -0.122482\n",
       " PERM_JOB_LOSER  -0.579298 -0.511754  0.186465  0.702879  0.054060        0.450043        1.000000         0.008573\n",
       " WAGE_GROWTH_YOY  0.007902  0.005581  0.142374  0.135913  0.111916       -0.122482        0.008573         1.000000,\n",
       "                    JTSJOR    JTSQUR    JTSLDR      ICSA   CIVPART  PART_TIME_ECON  PERM_JOB_LOSER  WAGE_GROWTH_YOY\n",
       " JTSJOR           1.000000  0.011889  0.078436 -0.355999  0.054598        0.028938       -0.210379         0.259225\n",
       " JTSQUR           0.011889  1.000000 -0.122092 -0.184007  0.147115        0.211463       -0.151236        -0.031714\n",
       " JTSLDR           0.078436 -0.122092  1.000000 -0.050355  0.194291        0.034922       -0.030323        -0.051580\n",
       " ICSA            -0.355999 -0.184007 -0.050355  1.000000 -0.202639        0.262739        0.327269        -0.160867\n",
       " CIVPART          0.054598  0.147115  0.194291 -0.202639  1.000000        0.210421       -0.226698         0.080668\n",
       " PART_TIME_ECON   0.028938  0.211463  0.034922  0.262739  0.210421        1.000000       -0.003997         0.091750\n",
       " PERM_JOB_LOSER  -0.210379 -0.151236 -0.030323  0.327269 -0.226698       -0.003997        1.000000        -0.318289\n",
       " WAGE_GROWTH_YOY  0.259225 -0.031714 -0.051580 -0.160867  0.080668        0.091750       -0.318289         1.000000,\n",
       "                    JTSJOR    JTSQUR    JTSLDR      ICSA   CIVPART  PART_TIME_ECON  PERM_JOB_LOSER  WAGE_GROWTH_YOY\n",
       " JTSJOR           0.000000 -0.307567  0.247183  0.089198  0.003444        0.263530        0.368919         0.251323\n",
       " JTSQUR          -0.307567  0.000000  0.010714  0.233509  0.204109        0.487912        0.360518        -0.037295\n",
       " JTSLDR           0.247183  0.010714  0.000000 -0.327783  0.279670        0.056077       -0.216787        -0.193954\n",
       " ICSA             0.089198  0.233509 -0.327783  0.000000 -0.384285        0.061204       -0.375610        -0.296779\n",
       " CIVPART          0.003444  0.204109  0.279670 -0.384285  0.000000        0.245205       -0.280758        -0.031248\n",
       " PART_TIME_ECON   0.263530  0.487912  0.056077  0.061204  0.245205        0.000000       -0.454041         0.214232\n",
       " PERM_JOB_LOSER   0.368919  0.360518 -0.216787 -0.375610 -0.280758       -0.454041        0.000000        -0.326862\n",
       " WAGE_GROWTH_YOY  0.251323 -0.037295 -0.193954 -0.296779 -0.031248        0.214232       -0.326862         0.000000)"
      ]
     },
     "execution_count": 45,
     "metadata": {},
     "output_type": "execute_result"
    }
   ],
   "source": [
    "pre_corr, post_corr, corr_diff"
   ]
  },
  {
   "cell_type": "code",
   "execution_count": 46,
   "id": "7be623d5",
   "metadata": {},
   "outputs": [
    {
     "data": {
